-9997
-9998
-9999
-9999
-10000
-10001
-2000000000
WEAKLY DESCENDING


1234
1235
1236
1237
1238
-2000000000
ASCENDING


-530
-530
-530
-530
-530
-530
-2000000000
CONSTANT


-1000
-500
0
500
23000
-2000000000
ASCENDING


-9997
-9998
-9999
-10000
-10001
-2000000000
DESCENDING


9
7
5
4
2
0
-2000000000
DESCENDING


36
1
510
717
479
899
-2000000000
RANDOM


-622
-614
-607
-603
-596
-593
-576
-561
-556
-551
-546
-541
-531
-514
-507
-501
-484
-472
-469
-468
-463
-452
-434
-429
-418
-416
-412
-411
-397
-384
-379
-377
-372
-362
-358
-338
-325
-320
-307
-293
-288
-276
-263
-259
-250
-236
-216
-205
-196
-189
-170
-160
-144
-138
-135
-127
-112
-108
-92
-74
-66
-60
-45
-32
-13
-10
-8
2
14
17
36
40
55
63
64
71
75
94
112
130
136
142
154
163
167
185
191
202
-2000000000
ASCENDING


-627
-627
-627
-627
-627
-627
-627
-627
-627
-627
-627
-627
-627
-627
-627
-627
-627
-627
-627
-627
-627
-627
-627
-627
-627
-627
-627
-627
-627
-627
-627
-627
-627
-627
-627
-627
-627
-627
-627
-627
-627
-627
-627
-627
-627
-627
-627
-627
-627
-627
-627
-627
-627
-627
-627
-627
-627
-627
-627
-627
-527
-2000000000
WEAKLY ASCENDING